SUBSTRATE_INFO <-
structure(c("CAS 7732-18-5", "CAS 709-50-2", "CAS 2782-07-2", 
"CAS 1119-34-2", "CAS 600-22-6", "CAS 58-86-6", "CAS 91510-62-2", 
"CAS 70-47-3", "CAS 9005-66-7", "CAS 149-32-6", "CAS 114-63-6", 
"CAS 63-91-2", NA, "CAS 54-21-7", "CAS 9005-65-6", "CAS 69-65-8", 
NA, "CAS 56-45-1", NA, "CAS 10016-20-3", "CAS 7512-17-6", "CAS 502-85-2", 
"CAS 72-19-5", "CAS 9005-79-2", "CAS 3646-68-2", "CAS 97-65-4", 
"CAS 7412-78-4", "CAS 528-50-7", "CAS 56401-20-8", "CAS 2013-26-5", 
"CAS 156-28-5", "CAS 5989-81-1", "CAS 3325-00-6", "CAS 636-61-3", 
"CAS 333-93-7", NA, "CAS 9004-53-9", "CAS 6363-53-7", "CAS 6138-23-4", 
"CAS 554-91-6", "CAS 57-50-1", NA, "CAS 54261-98-2", NA, NA, 
NA, "CAS 17629-30-0", "CAS 585-99-9", "CAS 1824-94-8", "CAS 138-52-3", 
"CAS 7772-94-3", "CAS 14215-68-0", "CAS 131-48-6", "CAS 7647-14-5", 
"CAS 7647-14-5", "CAS 7647-14-5", "CAS 50-99-7", "CAS 3458-28-4", 
"CAS 57-48-7", "CAS 59-23-4", "CAS 146-72-5", "CAS 3615-37-0", 
"CAS 2438-80-4", "CAS 3615-41-6", "CAS 58-63-9", "CAS 72-17-3", 
"CAS 751-94-0", "CAS 312-84-5", "CAS 50-70-4", "CAS 488-82-4", 
"CAS 87-89-8", "CAS 56-81-5", "CAS 3671-99-6", "CAS 26177-86-6", 
"CAS 1783-96-6", "CAS 2751-09-9", "CAS 14897-39-3", "CAS 13614-98-7", 
"CAS 9000-70-8", "CAS 704-15-4", "CAS 56-41-7", "CAS 3792-50-5", 
"CAS 6106-04-3", "CAS 5934-29-2", "CAS 98-79-3", "CAS 859-18-7", 
"CAS 50-01-1", NA, "CAS 9000-69-5", "CAS 1668-08-2", "CAS 527-07-1", 
"CAS 14984-34-0", "CAS 3789-97-7", "CAS 526-99-8", "CAS 77-95-2", 
"CAS 576-42-1", "CAS 1404-93-9", "CAS 1719-71-7", "CAS 1871-22-3", 
"CAS 156-38-7", "CAS 17392-83-5", "CAS 312-85-6", "CAS 6132-04-3", 
"CAS 22202-68-2", "CAS 138-09-0", "CAS 923-06-8", "CAS 3374-05-8", 
"CAS 7447-41-8", "CAS 123333-66-4", "CAS 56-12-2", "CAS 19054-57-0", 
"CAS 150-83-4", "CAS 3483-11-2", "CAS 137-40-6", "CAS 127-09-3", 
"CAS 141-53-7", "CAS 78110-38-0", "CAS 156-54-7", "CAS 7789-38-0", 
"CAS 585-88-6", "CAS 1109-28-0", "CAS 921-60-8", "CAS 97-30-3", 
"CAS 9007-28-7", "CAS 9036-88-8", "CAS 617-04-9", "CAS 10030-67-8", 
"CAS 13718-94-0", "CAS 87-81-0", "CAS 87-79-6", "CAS 81025-04-9", 
"CAS 4618-18-2", "CAS 70803-54-2", "CAS 3396-99-4", "CAS 469-90-9", 
"CAS 50-89-5", "CAS 58-96-8", "CAS 58-61-7", "CAS 488-81-3", 
"CAS 87-72-9", "CAS 10323-20-3", "CAS 612-05-5", "CAS 87-99-0", 
"CAS 57-55-6", "CAS 141-43-5", "CAS 99-14-9", "CAS 50-21-5", 
"CAS 113-24-6", "CAS 638-32-4", "CAS 6106-21-4", "CAS 3878-55-5", 
"CAS 147-73-9", NA, "CAS 513-85-9", "CAS 513-86-0", NA, "CAS 9005-64-5", 
"CAS 33208-99-0", "CAS 338-69-2", "CAS 6893-26-1", "CAS 56-85-9", 
"CAS 56-40-6", "CAS 672-15-1", NA, "CAS 73-32-5", "CAS 61-90-5", 
"CAS 657-27-2", "CAS 63-68-3", "CAS 3184-13-2", "CAS 147-85-3", 
"CAS 632-20-2", "CAS 73-22-3", "CAS 60-18-4", "CAS 72-18-4", 
"CAS 1948-31-8", "CAS 16709-12-9", "CAS 31796-57-3", "CAS 20727-65-5", 
"CAS 13187-90-1", "CAS 39537-23-0", "CAS 687-69-4", "CAS 3253-17-6", 
"CAS 29727-65-9", "CAS 3303-34-2", "CAS 68973-27-3", "CAS 14486-05-6", 
"CAS 3061-90-3", "CAS 13485-59-1", "CAS 3303-41-1", "CAS 24032-50-6", 
"CAS 16305-75-2", "CAS 3061-88-9", "CAS 3303-45-5", "CAS 40968-45-4", 
"CAS 15483-27-9", "CAS 15706-88-4", "CAS 2483-17-2", "CAS 15706-89-5", 
"CAS 62632-70-6", "CAS 1188-24-5", "CAS 40968-46-5", NA, "CAS 2047-13-4", 
"CAS 70921-62-9", "CAS 25615-38-7", "CAS 74863-12-0", "CAS 2896-20-0", 
"CAS 20917-58-2", "CAS 145314-87-0", "CAS 13433-02-8", "CAS 58471-53-7", 
"CAS 6157-06-8", "CAS 13433-13-1", "CAS 3790-51-0", "CAS 3062-14-4", 
"CAS 5891-51-0", "CAS 13433-09-5", "CAS 71835-79-5", "CAS 13433-04-0", 
"CAS 21064-18-6", "CAS 3918-84-1", "CAS 3929-61-1", "CAS 13716-89-7", 
"CAS 5875-38-7", "CAS 38101-59-6", "CAS 3422-39-7", "CAS 5879-06-1", 
"CAS 88830-90-4", "CAS 54419-93-1", "CAS 2650-65-9", "CAS 3695-73-6", 
"CAS 18635-55-7", "CAS 1999-33-3", "CAS 4685-12-5", "CAS 556-50-3", 
"CAS 2489-13-6", "CAS 19461-38-2", "CAS 869-19-2", "CAS 31461-63-9", 
"CAS 554-94-9", "CAS 3321-03-7", "CAS 704-15-4", "CAS 7361-43-5", 
"CAS 7093-70-1", "CAS 2390-74-1", "CAS 658-79-7", "CAS 1963-21-9", 
"CAS 16874-75-2", "CAS 41658-60-0", "CAS 53634-28-9", "CAS 2578-58-7", 
"CAS 306-14-9", "CAS 7763-65-7", "CAS 151151-29-0", "CAS 2488-11-1", 
"CAS 658-79-7", "CAS 21438-60-8", "CAS 23403-90-9", "CAS 35979-00-1", 
"CAS 76019-15-3", "CAS 24787-73-3", "CAS 55715-01-0", "CAS 59652-59-4", 
NA, "CAS 868-28-0", "CAS 97284-12-3", "CAS 42537-99-5", "CAS 26462-22-6", 
"CAS 42384-14-5", "CAS 22951-98-0", "CAS 37462-92-3", "CAS 6403-14-1", 
"CAS 13589-06-5", "CAS 38579-21-4", "CAS 41017-96-3", "CAS 7298-84-2", 
"CAS 26607-15-8", "CAS 14608-81-2", "CAS 32949-40-9", "CAS 16364-31-1", 
"CAS 686-50-0", "CAS 38062-72-5", "CAS 36077-41-5", "CAS 3303-31-9", 
"CAS 36077-39-1", "CAS 3063-05-6", "CAS 87178-63-0", "CAS 6209-12-7", 
"CAS 5156-22-9", "CAS 968-21-8", "CAS 13588-95-9", "CAS 17043-71-9", 
"CAS 29586-66-1", "CAS 20556-18-7", "CAS 45234-02-4", "CAS 40719-58-2", 
"CAS 20556-13-2", "CAS 7369-79-1", "CAS 13184-13-9", "CAS 97729-52-7", 
"CAS 4078-58-4", "CAS 52766-27-5", "CAS 275366-32-0", "CAS 97791-84-9", 
"CAS 50674-18-5", "CAS 35978-98-4", "CAS 20556-11-0", "CAS 60461-10-1", 
"CAS 14595-65-4", "CAS 36261-62-8", "CAS 14517-44-3", "CAS 14486-03-4", 
"CAS 14486-12-5", "CAS 40883-17-8", "CAS 14486-16-9", "CAS 45214-88-8", 
"CAS 7349-78-2", "CAS 14492-14-9", "CAS 142702-34-9", "CAS 40883-16-7", 
"CAS 60535-02-6", "CAS 13589-04-3", "CAS 14486-13-6", "CAS 3918-87-4", 
"CAS 22828-05-3", "CAS 3617-45-6", "CAS 721-90-4", "CAS 22951-94-6", 
"CAS 15080-84-9", "CAS 2577-40-4", "CAS 7669-65-0", "CAS 16053-39-7", 
"CAS 24587-41-5", "CAS 17355-18-9", "CAS 3918-90-9", "CAS 6422-36-2", 
"CAS 2418-74-8", "CAS 107856-82-6", "CAS 85227-98-1", "CAS 67644-00-2", 
"CAS 18668-08-1", "CAS 2578-57-6", "CAS 18684-24-7", "CAS 51926-51-3", 
"CAS 52899-07-7", "CAS 71227-70-8", "CAS 13589-02-1", "CAS 76932-06-4", 
"CAS 76932-06-4", "CAS 35310-39-5", "CAS 19786-36-8", "CAS 52899-09-9", 
"CAS 6403-17-4", "CAS 81466-41-3", "CAS 2543-31-9", "CAS 6403-16-3", 
"CAS 94421-66-6", "CAS 687-63-8", "CAS 67726-09-4", "CAS 6665-16-3", 
"CAS 3227-09-6", "CAS 16875-28-8", "CAS 23827-93-2", "CAS 6620-95-7", 
"CAS 21435-27-8", "CAS 51782-06-0", "CAS 56217-50-6", "CAS 13448-26-5", 
"CAS 108320-97-4", "CAS 54532-73-9", "CAS 96337-79-0", "CAS 686-44-2", 
"CAS 50299-12-2", "CAS 90729-28-5", "CAS 16875-27-7", "CAS 281670-51-7", 
"CAS 61043-86-5", "CAS 24046-71-7", "CAS 88831-09-8", "CAS 71835-78-4", 
"CAS 36099-95-3", "CAS 7360-09-0", "CAS 13123-35-8", "CAS 51790-14-8", 
"CAS 6686-02-8", "CAS 133101-40-3", "CAS 20696-60-0", "CAS 19653-76-0", 
"CAS 24613-12-5", "CAS 730-08-5", "CAS 28252-40-6", "CAS 2545-89-3", 
"CAS 673-08-5", "CAS 3788-44-1", "CAS 40829-32-1", "CAS 17355-10-1", 
"CAS 54925-88-1", "CAS 17355-11-2", "CAS 60815-41-0", "CAS 1050-28-8", 
"CAS 17355-09-8", "CAS 27493-61-4", "CAS 37682-75-0", "CAS 66170-00-1", 
"CAS 20556-16-5", "CAS 3062-07-5", "CAS 42854-54-6", "CAS 686-43-1", 
"CAS 13589-07-6", "CAS 20556-14-3", "CAS 95977-55-2", "CAS 22677-62-9", 
"CAS 14486-09-0", "CAS 3918-92-1", "CAS 105931-64-4", "CAS 13588-94-8", 
"CAS 3061-91-4", "CAS 3918-94-3", "CAS 7647-14-5", "CAS 12125-02-9", 
"CAS 10102-18-8", "CAS 7447-40-7", "CAS 10043-52-4", "CAS 13446-34-9", 
"CAS 7646-85-7", NA, "CAS 7791-13-1", "CAS 7553-56-2", NA, NA, 
NA, NA, "CAS 13721-39-6", "CAS 7789-00-6", NA, "CAS 7631-99-4", 
"CAS 7632-00-0", "CAS 10025-77-1", "CAS 7786-30-3", NA, NA, "CAS 58-08-2", 
"CAS 51-43-4", "CAS 51-41-2", "CAS 57-00-1", "CAS 6893-02-3", 
"CAS 7488-70-2", "CAS 50-02-2", "CAS 50-23-7", "CAS 57-83-0", 
"CAS 50-28-2", NA, "CAS 52-39-1", NA, NA, "CAS 9007-92-5", NA, 
NA, NA, NA, NA, "CAS 67763-96-6", NA, NA, NA, NA, NA, NA, NA, 
NA, "CAS 9002-62-4", "CAS 9007-12-9", NA, NA, NA, NA, NA, NA, 
NA, NA, NA, NA, NA, NA, "CAS 83-79-4", NA, NA, NA, NA, "CAS 800-248-2436", 
"CAS 50-76-0", "CAS 66-27-3", "CAS 446-86-6", "CAS 55-98-1", 
"CAS 57576-44-0", "CAS 56-75-7", NA, NA, "CAS 90-89-1", "CAS 483-18-1", 
