SUBSTRATE_INFO <-
structure(c(NA, "CAS 22832-87-7", "CAS 72-40-2", "CAS 97-00-7",
"CAS 3811-73-2", "CAS 10593-29-0", "CAS 5144-89-8", NA, "CAS 57-55-6",
"CAS 7647-14-5", "CAS 141-53-7", "CAS 72-17-3", "CAS 107-21-1",
"CAS 7647-14-5", "CAS 72-17-3", "CAS 7783-20-2", "CAS 532-32-1",
"CAS 7631-99-4", "CAS 7632-00-0", "CAS 7601-54-9", "CAS 7783-20-2",
"CAS 7631-99-4", "CAS 7632-00-0", "CAS 72-17-3", "CAS 72-17-3",
NA, "CAS 107-21-1", "CAS 17455-13-9", "CAS 2041-14-7", "CAS 154-17-6",
"CAS 33068-19-8", "CAS 533-67-5", "CAS 54-21-7", "CAS 1562-00-1",
"CAS 527-73-1", "CAS 90-43-7", "CAS 366-18-7", "CAS 513-85-9",
"CAS 431-03-8", "CAS 84176-65-8", "CAS 51-28-5", "CAS 16373-93-6",
"CAS 951-77-9", "CAS 961-07-9", "CAS 890-38-0", "CAS 951-78-0",
"CAS 7647-14-5", "CAS 141-53-7", "CAS 72-17-3", "CAS 7757-82-6",
"CAS 57-13-6", "CAS 107-21-1", "CAS 532-32-1", "CAS 7601-54-9",
"CAS 7783-20-2", "CAS 532-32-1", "CAS 7631-99-4", "CAS 7632-00-0",
"CAS 7601-54-9", "CAS 61-82-5", "CAS 513-86-0", NA, NA, "CAS 6057-48-3",
"CAS 146-72-5", "CAS 93-03-8", "CAS 99-34-3", "CAS 7647-14-5",
"CAS 7447-40-7", "CAS 141-53-7", "CAS 72-17-3", "CAS 7757-82-6",
"CAS 57-13-6", "CAS 504-24-5", "CAS 114-63-6", "CAS 51-35-4",
"CAS 1076-38-6", "CAS 56-57-5", NA, NA, "CAS 7647-14-5", "CAS 7447-40-7",
"CAS 141-53-7", "CAS 72-17-3", "CAS 7757-82-6", "CAS 57-13-6",
"CAS 7631-99-4", "CAS 7632-00-0", "CAS 320-67-2", "CAS 130-26-7",
"CAS 3094-09-5", "CAS 2022-85-7", "CAS 703-95-7", "CAS 51-21-8",
NA, "CAS 91446-96-7", "CAS 72-80-0", "CAS 773-76-2", "CAS 7647-14-5",
"CAS 107-21-1", "CAS 7647-14-5", "CAS 7447-40-7", "CAS 141-53-7",
"CAS 72-17-3", "CAS 7757-82-6", "CAS 57-13-6", "CAS 7783-20-2",
"CAS 532-32-1", "CAS 7601-54-9", "CAS 329-89-5", NA, "CAS 6112-76-1",
"CAS 53411-70-4", "CAS 7647-14-5", "CAS 7647-14-5", "CAS 1948-48-7",
"CAS 107-43-7", "CAS 77-91-8", "CAS 57-00-1", "CAS 19230-81-0",
"CAS 99-20-7", NA, "CAS 96702-03-3", "CAS 56-12-2", "CAS 70-18-8",
"CAS 56-81-5", "CAS 44985-71-9", "CAS 147-85-3", "CAS 1132-61-2",
"CAS 2490-97-3", "CAS 1118-68-9", "CAS 34522-32-2", "CAS 4826-71-5",
"CAS 7447-40-7", "CAS 107-97-1", "CAS 535-83-1", "CAS 75-50-3",
"CAS 1184-78-7", "CAS 7447-40-7", "CAS 141-53-7", "CAS 72-17-3",
"CAS 57-13-6", "CAS 7631-99-4", "CAS 7632-00-0", "CAS 7647-14-5",
"CAS 72-17-3", "CAS 57-13-6", "CAS 148-24-3", "CAS 7647-14-5",
"CAS 72-17-3", "CAS 7631-99-4", "CAS 7632-00-0", "CAS 7647-14-5",
"CAS 72-17-3", "CAS 10016-20-3", "CAS 56401-20-8", "CAS 5989-81-1",
"CAS 19054-57-0", "CAS 21461-84-7", "CAS 2013-26-5", "CAS 22202-68-2",
"CAS 1821-02-9", "CAS 3396-99-4", "CAS 97-30-3", "CAS 617-04-9",
"CAS 96-27-5", "CAS 60-35-5", "CAS 127-09-3", "CAS 3483-11-2",
NA, "CAS 57576-44-0", "CAS 8048-52-0", NA, "CAS 6055-72-7", "CAS 58-61-7",
"CAS 130-49-4", "CAS 37063-35-7", "CAS 84-21-9", "CAS 37839-81-9",
"CAS 18422-05-4", "CAS 488-81-3", NA, "CAS 2482-00-0", NA, "CAS 1948-31-8",
"CAS 5874-90-8", "CAS 16709-12-9", "CAS 31796-57-3", "CAS 20727-65-5",
"CAS 39537-23-0", "CAS 13187-90-1", "CAS 687-69-4", "CAS 3253-17-6",
"CAS 29727-65-9", "CAS 3303-34-2", "CAS 68973-27-3", "CAS 14486-05-6",
"CAS 3061-90-3", "CAS 13485-59-1", "CAS 3303-41-1", "CAS 24032-50-6",
"CAS 16305-75-2", "CAS 3061-88-9", "CAS 3303-45-5", "CAS 52-39-1",
"CAS 22573-93-9", NA, "CAS 97-59-6", "CAS 2244-11-3", "CAS 645-05-6",
"CAS 10043-01-3", "CAS 39831-55-5", "CAS 52417-22-8", "CAS 106-60-5",
"CAS 54-62-6", "CAS 549-18-8", "CAS 540-69-2", "CAS 12125-02-9",
"CAS 7783-20-2", "CAS 26787-78-0", "CAS 69-53-3", "CAS 29883-15-6",
NA, "CAS 10025-91-9", "CAS 65710-07-8", "CAS 497-76-7", "CAS 40968-45-4",
"CAS 15483-27-9", "CAS 15706-88-4", "CAS 2483-17-2", "CAS 15706-89-5",
"CAS 62632-70-6", "CAS 1188-24-5", "CAS 40968-46-5", NA, "CAS 2047-13-4",
"CAS 70921-62-9", "CAS 25615-38-7", "CAS 74863-12-0", "CAS 2896-20-0",
NA, "CAS 20917-58-2", "CAS 145314-87-0", "CAS 13433-02-8", "CAS 58471-53-7",
"CAS 13433-13-1", "CAS 6157-06-8", "CAS 3790-51-0", "CAS 3062-14-4",
"CAS 5891-51-0", "CAS 13433-09-5", "CAS 71835-79-5", "CAS 13433-04-0",
"CAS 51-55-8", "CAS 115-02-6", "CAS 446-86-6", "CAS 461-89-2",
"CAS 37091-65-9", "CAS 78110-38-0", "CAS 34322-87-7", "CAS 2672-88-0",
"CAS 305-84-0", "CAS 17136-28-6", "CAS 107-95-9", "CAS 51887-89-9",
"CAS 7585-39-9", "CAS 2595-97-3", "CAS 50-28-2", "CAS 554-91-6",
"CAS 154804-51-0", "CAS 150-83-4", "CAS 1824-94-8", "CAS 709-50-2",
"CAS 134253-42-2", "CAS 612-05-5", "CAS 53-84-9", NA, "CAS 156-28-5",
"CAS 73630-08-7", "CAS 14919-77-8", "CAS 1670-14-0", "CAS 121-54-0",
"CAS 633-65-8", "CAS 108-19-0", "CAS 3513-03-9", "CAS 9041-93-4",
"CAS 10043-35-3", "CAS 923-06-8", "CAS 55-98-1", "CAS 2386-54-1",
"CAS 13952-84-6", "CAS 156-54-7", "CAS 7790-78-5", "CAS 58-08-2",
"CAS 9007-12-9", NA, "CAS 10043-52-4", "CAS 7689-03-4", "CAS 1405-37-4",
"CAS 1002-62-6", "CAS 10051-44-2", "CAS 133-06-2", "CAS 72461-86-0",
"CAS 4800-94-6", "CAS 41575-94-4", NA, "CAS 154-93-8", "CAS 555-60-2",
"CAS 42540-40-9", "CAS 25953-19-9", "CAS 56796-39-5", "CAS 62893-20-3",
"CAS 64485-93-4", "CAS 33564-30-6", "CAS 52152-93-9", "CAS 104376-79-6",
"CAS 55238-63-2", NA, "CAS 58-71-9", NA, "CAS 7647-17-8", "CAS 6004-24-6",
"CAS 3895-92-9", "CAS 305-03-3", "CAS 56-75-7", "CAS 56-95-1",
"CAS 50-63-5", "CAS 88-04-0", "CAS 69-09-0", "CAS 64-72-2", "CAS 77-91-8",
"CAS 9007-28-7", "CAS 12678-07-8", NA, "CAS 617-12-9", "CAS 10060-12-5",
"CAS 140-10-3", "CAS 28657-80-9", "CAS 85721-33-1", "CAS 585-84-2",
"CAS 15663-27-1", "CAS 207-858-7", "CAS 6132-04-3", "CAS 50-41-9",
"CAS 7081-44-9", "CAS 7791-13-1", "CAS 64-86-8", "CAS 1264-72-8",
"CAS 94724-12-6", NA, "CAS 7758-99-8", "CAS 91-64-5", "CAS 57-00-1",
"CAS 548-62-9", "CAS 10125-13-0", "CAS 68-19-9", "CAS 66-81-9",
NA, "CAS 19246-18-5", "CAS 535-34-2", "CAS 156-57-0", "CAS 3724-89-8",
"CAS 147-94-4", "CAS 6018-48-0", "CAS 85-94-9", "CAS 15718-51-1",
"CAS 84-52-6", "CAS 3616-08-8", "CAS 6757-06-8", "CAS 71-30-7",
NA, "CAS 70195-25-4", "CAS 80731-10-8", "CAS 923-16-0", "CAS 3997-90-8",
"CAS 77286-90-9", "CAS 67113-60-4", "CAS 338-69-2", "CAS 627-95-2",
"CAS 5451-09-2", "CAS 10323-20-3", "CAS 488-82-4", "CAS 5794-24-1",
"CAS 1783-96-6", "CAS 58-85-5", "CAS 528-50-7", "CAS 6236-10-8",
"CAS 68-41-7", "CAS 207121-46-8", "CAS 57-48-7", "CAS 26177-86-6",
"CAS 3615-37-0", "CAS 2782-07-2", "CAS 1772-03-8", "CAS 59-23-4",
"CAS 91510-62-2", "CAS 527-07-1", "CAS 66-84-2", "CAS 70442-23-8",
"CAS 3646-68-2", "CAS 50-99-7", "CAS 3671-99-6", "CAS 14984-34-0",
"CAS 6893-26-1", "CAS 17392-83-5", "CAS 81025-04-9", "CAS 38689-30-4",
"CAS 997-05-7", "CAS 3303-29-5", "CAS 923-27-3", "CAS 636-61-3",
"CAS 6363-53-7", "CAS 69-65-8", "CAS 5505-63-5", "CAS 3458-28-4",
"CAS 99749-54-9", "CAS 33068-18-7", "CAS 10030-67-8", "CAS 585-99-9",
"CAS 348-67-4", "CAS 137-08-6", "CAS 551-68-8", "CAS 17629-30-0",
"CAS 5336-08-3", "CAS 50-69-1", "CAS 576-42-1", "CAS 138-52-3",
"CAS 312-84-5", "CAS 50-70-4", "CAS 87-81-0", "CAS 147-71-7",
"CAS 632-20-2", "CAS 6138-23-4", NA, "CAS 640-68-6", "CAS 58-86-6",
"CAS 2835-81-6", "CAS 644-90-6", "CAS 3325-00-6", "CAS 1077-28-7",
"CAS 1077-28-7", "CAS 461-05-2", "CAS 2577-62-0", "CAS 67-21-0",
"CAS 65144-02-7", "CAS 50-21-5", "CAS 940-69-2", "CAS 6915-15-7",
"CAS 36207-43-9", "CAS 674-26-0", "CAS 770-05-8", "CAS 318-98-9",
"CAS 55779-32-3", "CAS 50-76-0", "CAS 20830-81-3", "CAS 138-14-7",
NA, "CAS 64-73-3", "CAS 522-51-0", "CAS 50-02-2", "CAS 9004-53-9",
"CAS 10465-78-8", NA, NA, "CAS 1085-98-9", "CAS 90-89-1", "CAS 5490-27-7",
"CAS 96-26-4", "CAS 97-77-8", "CAS 13473-25-1", "CAS 1119-94-4",
"CAS 2439-10-3", "CAS 538-71-6", "CAS 23214-92-8", "CAS 10592-13-9",
"CAS 608-66-2", "CAS 60-32-2", "CAS 6381-92-6", "CAS 13368-13-3",
NA, "CAS 476-66-4", "CAS 483-18-1", "CAS 518-82-1", "CAS 74011-58-8",
"CAS 51-43-4", "CAS 114-07-8", "CAS 22668-01-5", "CAS 141-43-5",
"CAS 536-33-4", "CAS 75-04-7", "CAS 333-18-6", "CAS 33419-42-0",
NA, "CAS 370-86-5", "CAS 10025-77-1", NA, "CAS 50-91-9", "CAS 86386-73-4",
"CAS 59-30-3", "CAS 75-12-7", NA, "CAS 17013-01-3", "CAS 3759-92-0",
